Cluster Index	Voxels	MAX	MAX X (vox)	MAX Y (vox)	MAX Z (vox)	COG X (vox)	COG Y (vox)	COG Z (vox)
689	24645	0.427	30	32	34	46.1	54.1	40.9
688	1051	0.395	28	38	6	28.8	37.9	11.4
687	781	0.448	60	17	22	60	21.2	22.3
686	544	0.423	67	25	33	67.7	25.1	36.2
685	376	0.402	61	39	8	58.8	37.4	8.84
684	245	0.381	14	42	24	14.5	41.7	25.7
683	230	0.381	16	50	57	19.5	48.6	55.4
682	214	0.381	25	70	55	23.7	66.9	55.7
681	213	0.388	72	36	60	71.2	36.1	59.5
680	161	0.388	44	32	8	42.9	33.8	12.6
679	157	0.391	25	50	63	25.8	51.4	64.3
678	102	0.409	55	71	46	53.8	70.9	44.8
677	66	0.356	58	34	52	60.8	32.5	51.5
676	65	0.363	61	48	19	61.6	44.6	16.6
675	58	0.363	45	55	18	43.6	54.3	18.4
674	57	0.363	70	37	17	68.1	38.7	18.9
673	43	0.359	51	59	29	53.1	57.1	29.4
672	40	0.345	45	80	32	44.5	79.1	32.1
671	35	0.359	43	28	66	42.2	27.6	66.6
670	31	0.359	45	21	17	45.3	21.3	16.4
669	29	0.349	31	63	59	31.6	63.2	59.2
668	28	0.359	19	60	50	19.7	59.9	50.2
667	27	0.349	67	57	56	67	56.7	58
666	26	0.345	48	31	65	48	31.7	65.2
665	25	0.345	32	49	33	32.8	47.2	34.3
664	22	0.356	50	73	35	49.5	72.5	35.1
663	20	0.359	13	61	22	13.1	60.9	22
662	18	0.356	35	50	62	34.8	48.2	63.3
661	18	0.349	30	37	56	27.4	39.1	54.6
660	17	0.352	53	54	73	52.1	53.4	73.8
659	17	0.345	48	28	47	47.3	28.1	48.1
658	16	0.349	26	41	66	25.3	40.8	66.1
657	15	0.356	44	42	66	44.3	42.5	66.6
656	15	0.335	11	43	50	11.6	42.3	50.1
655	15	0.342	73	78	41	73.3	76.1	38.7
654	14	0.359	50	74	62	50.8	74.8	62.4
653	14	0.342	77	51	54	77.6	51.1	54.5
652	13	0.335	51	50	71	51.5	50.4	70.7
651	13	0.345	29	67	65	29.1	67	64.5
650	13	0.331	44	26	39	45.2	28.2	39.2
649	13	0.363	56	73	34	56	72.8	34.4
648	13	0.342	16	51	28	16.2	50.8	27.3
647	12	0.342	61	56	60	61.4	56	58.8
646	12	0.352	24	86	33	23.8	87.1	33.1
645	12	0.352	50	35	16	50.1	35.7	16.5
644	11	0.338	48	36	46	48.6	34.3	47
643	11	0.338	23	90	43	25.4	87.7	42
642	11	0.352	30	80	36	30.2	78.7	36
641	11	0.335	41	42	36	40.2	41.5	36.3
640	10	0.342	61	92	44	62	90.3	43.9
639	9	0.367	58	34	45	57.1	33.9	45.8
638	9	0.331	64	92	34	63.9	92.1	34.9
637	9	0.338	52	95	30	52.4	96.1	30.2
636	8	0.335	40	66	71	40.7	66.2	71.9
635	8	0.342	47	61	72	46.1	62	72.4
634	8	0.349	37	71	69	36.8	70.9	68.6
633	8	0.335	43	31	59	41.9	30.7	61.6
632	8	0.342	33	41	47	33.9	41	46.3
631	8	0.335	53	37	45	52.5	36.6	45.7
630	8	0.349	61	54	35	60.1	53.6	35.7
629	8	0.345	46	75	26	45	75.5	24.4
628	8	0.342	50	37	11	48.9	36.9	11
627	7	0.331	64	58	66	63.3	58.1	65.6
626	7	0.327	16	50	61	14.9	50.7	60.4
625	7	0.342	47	31	53	46.4	30.6	52.9
624	7	0.335	45	96	48	46	95.6	49.3
623	7	0.338	71	81	48	71	80.4	47.6
622	7	0.338	25	58	33	24.2	58	32.3
621	7	0.342	39	51	30	38.6	51.4	31.6
620	7	0.342	24	42	27	24.4	43	27.4
619	7	0.342	69	83	27	68.7	82.3	27.3
618	7	0.335	22	49	21	21.9	49.9	20.7
617	6	0.331	29	41	59	28.8	41.3	58.8
616	6	0.345	39	48	60	38.5	48	58.7
615	6	0.335	38	76	51	38.8	76.8	53.2
614	6	0.342	51	19	44	52.2	18.2	43.8
613	6	0.331	27	30	43	26.3	29.2	42.8
612	6	0.352	55	71	40	55.5	71	40.5
611	6	0.342	58	55	40	58.7	54.8	39.8
610	6	0.331	43	86	32	43	86.5	31.5
609	6	0.356	77	42	33	78.3	41.5	31.7
608	6	0.345	36	97	30	36.7	97	30.3
607	6	0.331	40	79	29	39.7	80.2	30
606	5	0.338	28	41	62	28.4	42	62.6
605	5	0.335	43	39	58	43.8	38.2	58.6
604	5	0.345	39	75	54	39.8	74.8	53.8
603	5	0.331	16	55	51	17.2	55.6	51
602	5	0.327	68	41	51	66.8	40.6	52.6
601	5	0.349	28	82	50	29	81.4	50
600	5	0.342	52	40	51	52.2	39.8	51
599	5	0.331	76	38	49	77.8	38.2	48.4
598	5	0.356	26	33	47	25.8	33.2	47.4
597	5	0.324	35	40	38	34.6	40.4	39.2
596	5	0.345	53	17	38	52.4	17.6	38.6
595	5	0.331	28	86	33	27	84.2	34.6
594	5	0.335	70	33	34	70.6	32	33.8
593	5	0.335	60	71	31	59.4	71.2	31.6
592	5	0.338	48	26	32	47.4	25	31.4
591	5	0.331	12	53	30	12.4	53.2	30.4
590	5	0.338	20	61	23	19.2	61.4	23
589	5	0.324	58	30	23	57	31.2	23.2
588	5	0.338	16	34	19	16.4	34.2	18.2
587	5	0.342	29	59	16	30.4	59.2	17.2
586	4	0.352	30	61	68	30.2	61.5	68.7
585	4	0.338	57	58	67	57.2	57.8	66.8
584	4	0.345	39	73	62	39	73.3	62.2
583	4	0.345	35	27	62	34.8	26.8	62.7
582	4	0.324	29	80	61	30	80	61
581	4	0.324	27	75	59	27.5	75.5	59.3
580	4	0.342	30	33	49	30	31.5	48.7
579	4	0.345	50	82	47	50.2	80.5	47.2
578	4	0.335	17	44	47	17.5	43.5	47
577	4	0.342	21	27	45	20.5	27	45.5
576	4	0.345	49	77	43	50	78	44
575	4	0.331	59	63	43	59.2	63	42.8
574	4	0.335	58	57	33	58	57.5	32.8
573	4	0.342	69	61	29	69.2	59.8	29.2
572	4	0.335	61	45	26	61	44.7	26.3
571	4	0.342	34	62	24	33.3	61.5	23.5
570	4	0.324	66	40	13	65.8	40.5	13.2
569	4	0.342	34	30	13	34.7	29.5	12.8
568	4	0.335	41	43	8	41	42.5	8.49
567	3	0.331	27	45	71	27.3	44.7	71
566	3	0.324	56	35	72	56	34.3	71.7
565	3	0.331	63	60	70	63	60.3	69.3
564	3	0.345	48	50	69	48	50.3	68.7
563	3	0.331	49	41	68	48	40.7	67.7
562	3	0.335	21	39	65	21.3	39.3	65.7
561	3	0.324	41	69	64	42	69.3	64.3
560	3	0.345	22	65	64	21.7	64.3	64.3
559	3	0.349	20	48	63	20	48.3	62.4
558	3	0.324	43	72	63	42.3	72	62
557	3	0.331	23	76	60	23.7	76.3	60
556	3	0.324	43	80	59	43	80.3	59
555	3	0.331	36	71	58	36	71.3	58.3
554	3	0.324	64	26	59	64.7	25.3	58.7
553	3	0.335	56	89	53	56	89	54
552	3	0.335	70	78	52	70	77.3	52
551	3	0.324	68	30	52	68	30.3	52.3
550	3	0.338	52	72	50	51.7	72.7	50.3
549	3	0.331	51	85	48	51.3	84.7	48.3
548	3	0.331	63	87	41	63.3	86.7	41.7
547	3	0.342	35	38	39	34.7	38	39.3
546	3	0.324	44	45	39	43	45.3	38.7
545	3	0.32	40	83	37	40.3	83.3	37
544	3	0.331	53	71	37	53	72	37.3
543	3	0.335	57	15	36	57.3	15.3	36
542	3	0.331	49	20	37	49	20	36
541	3	0.327	55	98	34	54	98	33.7
540	3	0.327	77	62	33	76.7	62.7	33.3
539	3	0.331	45	36	34	45.7	36.3	33.7
538	3	0.331	32	61	32	32.3	60.3	32.3
537	3	0.335	67	88	28	67	88.7	29
536	3	0.335	58	31	29	58	30.3	28.7
535	3	0.327	57	26	28	57.3	25.3	28
534	3	0.335	55	54	26	54	54	25.7
533	3	0.335	40	34	24	40.3	33.3	24.3
532	3	0.331	37	34	23	36.7	34	22.3
531	3	0.342	73	39	20	72.3	39	20
530	3	0.331	58	72	14	57.3	72	14.3
529	3	0.338	24	25	12	23.7	25.7	12
528	3	0.324	62	43	9	62.7	43.7	10
527	2	0.324	48	54	73	47.5	54	73.5
526	2	0.331	57	48	73	56.5	47.5	73.5
525	2	0.327	40	71	69	40.5	71	69
524	2	0.32	33	65	68	33	65.5	68
523	2	0.335	21	48	65	20.5	48.5	65
522	2	0.324	33	52	64	33.5	52	64
521	2	0.342	16	40	63	16	40.5	63
520	2	0.331	27	74	62	26.5	74	62
519	2	0.324	71	65	62	71	65	61.5
518	2	0.331	59	81	60	58.5	81.5	60
517	2	0.327	72	62	61	71.5	62	60.5
516	2	0.331	37	23	60	36.5	23	60
515	2	0.327	56	83	59	56	83	59.5
514	2	0.327	24	59	60	24	59	59.5
513	2	0.335	47	90	59	46.5	89.5	58.5
512	2	0.331	19	30	59	19	29.5	58.5
511	2	0.32	54	90	56	53.5	89.5	56.5
510	2	0.324	51	78	56	51	77.5	56.5
509	2	0.324	39	74	56	39.5	74	56
508	2	0.327	65	55	56	64.5	54.5	56
507	2	0.338	27	23	56	27	23.5	56
506	2	0.331	74	32	54	74	31.5	54
505	2	0.327	42	59	53	42	59	53.5
504	2	0.338	19	54	53	19	54	53.5
503	2	0.324	45	27	53	45.5	27	53
502	2	0.331	27	63	52	26.5	62.5	52
501	2	0.345	79	55	52	78.5	55	52
500	2	0.327	71	80	51	70.5	80.5	51.5
499	2	0.335	40	70	51	40	70.5	51
498	2	0.345	54	55	51	54.5	55	51
497	2	0.324	49	32	51	49	32.5	51
496	2	0.327	42	59	51	42.5	59	50.5
495	2	0.324	15	38	50	15.5	37.5	50.5
494	2	0.324	28	79	50	28	79	49.5
493	2	0.327	17	44	49	17.5	44	49
492	2	0.338	15	55	49	14.5	55	48.5
491	2	0.324	26	37	48	26	37	48.5
490	2	0.331	74	30	48	74	30	48.5
489	2	0.338	21	64	46	20.5	64	46.5
488	2	0.32	51	57	45	51.5	57.5	45
487	2	0.324	61	55	46	61	55	45.5
486	2	0.32	54	16	45	54.5	16	45
485	2	0.327	57	94	45	57	94	44.5
484	2	0.327	48	15	44	47.5	15.5	44.5
483	2	0.327	45	15	45	45	15	44.5
482	2	0.352	35	92	42	34.5	92	42
481	2	0.327	28	84	42	28.5	84.5	42.5
480	2	0.32	53	67	42	53.5	67	42
479	2	0.349	44	14	42	43.5	13.5	42.5
478	2	0.327	14	68	41	14	67.5	41
477	2	0.335	34	70	40	34	69.5	40
476	2	0.335	66	39	40	66	39	40.5
475	2	0.327	17	39	40	17	39.5	39.5
474	2	0.324	31	62	37	31.5	61.5	37
473	2	0.324	47	86	35	46.5	85.5	35.5
472	2	0.342	42	83	35	42	82.5	35
471	2	0.335	59	58	35	59	57.5	35
470	2	0.32	60	64	33	60.5	64	33
469	2	0.327	12	60	33	12	60.5	33
468	2	0.324	59	55	33	59.5	54.5	33
467	2	0.324	10	53	33	10.5	53	33
466	2	0.327	67	88	32	67	88.5	32
465	2	0.338	64	59	32	63.5	59	32.5
464	2	0.327	38	43	33	38	43.5	32.5
463	2	0.327	31	93	31	30.5	92.5	31.5
462	2	0.32	48	58	30	48	58	30.5
461	2	0.327	58	57	30	57.5	57	30
460	2	0.335	31	48	30	30.5	47.5	30.5
459	2	0.331	67	47	29	67	46.5	29
458	2	0.324	61	27	29	61.5	27	29
457	2	0.331	45	76	29	45	75.5	28.5
456	2	0.324	22	46	28	22	45.5	28
455	2	0.335	28	60	27	27.5	60	27
454	2	0.324	64	53	28	64	52.5	27.5
453	2	0.32	48	87	26	48	87	26.5
452	2	0.327	79	61	27	79	61.5	26.5
451	2	0.331	34	18	26	33.5	18.5	26.5
450	2	0.331	47	71	25	46.5	70.5	24.5
449	2	0.324	53	43	24	53.5	43	24
448	2	0.335	44	92	24	44	92	23.5
447	2	0.32	63	51	23	63	50.5	23.5
446	2	0.338	39	54	21	39.5	53.5	21
445	2	0.327	35	31	22	35	31	21.5
444	2	0.335	29	28	21	29	28	21.5
443	2	0.324	35	49	19	35	49	19.5
442	2	0.324	58	20	18	58	19.5	18
441	2	0.331	37	55	17	36.5	55	17
440	2	0.327	44	39	16	44.5	39	16.5
439	2	0.327	19	29	17	19.5	29.5	16.5
438	2	0.342	33	60	16	33	60	15.5
437	2	0.349	29	54	15	29.5	54	15
436	2	0.338	42	47	14	41.5	47	14.5
435	2	0.331	62	27	14	62.5	27.5	14
434	2	0.32	22	68	13	21.5	68.5	13.5
433	2	0.335	58	67	13	58	67	13.5
432	2	0.331	35	27	14	35	27	13.5
431	2	0.324	61	29	12	61.5	28.5	12
430	2	0.324	52	36	11	52.5	36	11
429	2	0.331	46	45	11	46	45	10.5
428	2	0.324	52	24	8	52.5	24	8
427	1	0.32	50	60	74	50	60	74
426	1	0.342	51	57	74	51	57	74
425	1	0.338	55	54	74	55	54	74
424	1	0.32	47	51	74	47	51	74
423	1	0.32	54	47	74	54	47	74
422	1	0.324	52	60	73	52	60	73
421	1	0.324	45	55	73	45	55	73
420	1	0.324	42	50	72	42	50	72
419	1	0.32	33	62	71	33	62	71
418	1	0.32	65	49	71	65	49	71
417	1	0.324	46	38	71	46	38	71
416	1	0.32	38	38	71	38	38	71
415	1	0.32	55	65	70	55	65	70
414	1	0.327	54	35	70	54	35	70
413	1	0.327	47	67	69	47	67	69
412	1	0.32	49	64	69	49	64	69
411	1	0.331	67	49	69	67	49	69
410	1	0.32	44	45	69	44	45	69
409	1	0.327	31	66	68	31	66	68
408	1	0.327	65	61	68	65	61	68
407	1	0.324	50	43	68	50	43	68
406	1	0.327	70	55	67	70	55	67
405	1	0.324	44	32	67	44	32	67
404	1	0.324	27	71	66	27	71	66
403	1	0.324	35	69	66	35	69	66
402	1	0.32	25	68	66	25	68	66
401	1	0.324	24	66	66	24	66	66
400	1	0.32	29	64	66	29	64	66
399	1	0.32	19	51	66	19	51	66
398	1	0.327	53	76	65	53	76	65
397	1	0.327	37	76	65	37	76	65
396	1	0.338	67	67	65	67	67	65
395	1	0.327	50	51	65	50	51	65
394	1	0.331	29	43	65	29	43	65
393	1	0.327	19	42	65	19	42	65
392	1	0.32	35	27	65	35	27	65
391	1	0.327	29	77	64	29	77	64
390	1	0.324	48	76	64	48	76	64
389	1	0.32	54	74	64	54	74	64
388	1	0.32	40	71	64	40	71	64
387	1	0.331	34	68	64	34	68	64
386	1	0.331	72	57	64	72	57	64
385	1	0.331	61	55	64	61	55	64
384	1	0.335	43	51	64	43	51	64
383	1	0.327	16	43	64	16	43	64
382	1	0.345	18	40	64	18	40	64
381	1	0.324	27	37	64	27	37	64
380	1	0.32	41	24	64	41	24	64
379	1	0.331	21	69	63	21	69	63
378	1	0.335	40	67	63	40	67	63
377	1	0.327	39	64	63	39	64	63
376	1	0.331	67	57	63	67	57	63
375	1	0.324	45	53	63	45	53	63
374	1	0.32	24	44	63	24	44	63
373	1	0.331	74	39	63	74	39	63
372	1	0.32	23	30	63	23	30	63
371	1	0.32	29	74	62	29	74	62
370	1	0.32	28	64	62	28	64	62
369	1	0.335	71	55	62	71	55	62
368	1	0.32	18	39	62	18	39	62
367	1	0.327	27	32	62	27	32	62
366	1	0.324	33	65	61	33	65	61
365	1	0.335	57	59	61	57	59	61
364	1	0.324	27	49	61	27	49	61
363	1	0.324	55	77	60	55	77	60
362	1	0.32	71	67	60	71	67	60
361	1	0.32	40	65	60	40	65	60
360	1	0.32	51	63	60	51	63	60
359	1	0.324	59	60	60	59	60	60
358	1	0.345	27	44	60	27	44	60
357	1	0.324	71	41	60	71	41	60
356	1	0.324	27	39	60	27	39	60
355	1	0.32	59	37	60	59	37	60
354	1	0.327	59	24	60	59	24	60
353	1	0.32	54	79	59	54	79	59
352	1	0.324	20	66	59	20	66	59
351	1	0.32	29	63	59	29	63	59
350	1	0.32	44	21	59	44	21	59
349	1	0.327	51	75	58	51	75	58
348	1	0.32	44	66	58	44	66	58
347	1	0.32	64	55	58	64	55	58
346	1	0.32	37	55	58	37	55	58
345	1	0.32	15	35	58	15	35	58
344	1	0.345	58	82	57	58	82	57
343	1	0.338	22	78	57	22	78	57
342	1	0.324	20	71	57	20	71	57
341	1	0.32	52	57	57	52	57	57
340	1	0.32	41	57	57	41	57	57
339	1	0.324	56	37	56	56	37	56
338	1	0.324	28	36	56	28	36	56
337	1	0.32	68	35	56	68	35	56
336	1	0.327	61	25	56	61	25	56
335	1	0.327	64	75	55	64	75	55
334	1	0.32	43	61	55	43	61	55
333	1	0.32	47	59	55	47	59	55
332	1	0.327	16	57	55	16	57	55
331	1	0.324	34	35	55	34	35	55
330	1	0.32	72	31	55	72	31	55
329	1	0.32	39	23	55	39	23	55
328	1	0.32	31	73	54	31	73	54
327	1	0.324	21	65	54	21	65	54
326	1	0.324	12	41	54	12	41	54
325	1	0.32	14	40	54	14	40	54
324	1	0.32	31	36	54	31	36	54
323	1	0.32	14	35	54	14	35	54
322	1	0.327	70	29	54	70	29	54
321	1	0.327	37	29	54	37	29	54
320	1	0.32	36	23	54	36	23	54
319	1	0.324	37	86	53	37	86	53
318	1	0.324	60	76	53	60	76	53
317	1	0.345	41	69	53	41	69	53
316	1	0.324	30	68	53	30	68	53
315	1	0.324	20	56	53	20	56	53
314	1	0.327	22	43	53	22	43	53
313	1	0.32	72	32	53	72	32	53
312	1	0.324	48	78	52	48	78	52
311	1	0.32	54	59	52	54	59	52
310	1	0.324	74	46	52	74	46	52
309	1	0.32	44	44	52	44	44	52
308	1	0.327	16	40	52	16	40	52
307	1	0.32	67	34	52	67	34	52
306	1	0.331	35	32	52	35	32	52
305	1	0.327	55	82	51	55	82	51
304	1	0.32	21	76	51	21	76	51
303	1	0.32	61	73	51	61	73	51
302	1	0.327	43	69	51	43	69	51
301	1	0.324	42	61	51	42	61	51
300	1	0.331	48	57	51	48	57	51
299	1	0.331	49	55	51	49	55	51
298	1	0.331	13	52	51	13	52	51
297	1	0.32	14	40	51	14	40	51
296	1	0.327	76	37	51	76	37	51
295	1	0.324	55	34	51	55	34	51
294	1	0.324	71	33	51	71	33	51
293	1	0.335	26	63	50	26	63	50
292	1	0.32	13	59	50	13	59	50
291	1	0.324	42	52	50	42	52	50
290	1	0.324	64	37	50	64	37	50
289	1	0.32	38	37	50	38	37	50
288	1	0.324	50	96	49	50	96	49
287	1	0.324	71	78	49	71	78	49
286	1	0.324	19	78	49	19	78	49
285	1	0.32	45	67	49	45	67	49
284	1	0.324	41	66	49	41	66	49
283	1	0.335	66	40	49	66	40	49
282	1	0.327	49	38	49	49	38	49
281	1	0.324	78	36	49	78	36	49
280	1	0.324	28	88	48	28	88	48
279	1	0.32	22	81	48	22	81	48
278	1	0.324	38	75	48	38	75	48
277	1	0.335	62	68	48	62	68	48
276	1	0.32	74	37	48	74	37	48
275	1	0.327	76	36	48	76	36	48
274	1	0.324	49	96	47	49	96	47
273	1	0.32	18	73	47	18	73	47
272	1	0.32	17	60	47	17	60	47
271	1	0.32	49	55	47	49	55	47
270	1	0.331	14	42	47	14	42	47
269	1	0.327	63	35	47	63	35	47
268	1	0.324	52	30	47	52	30	47
267	1	0.327	29	85	46	29	85	46
266	1	0.324	19	81	46	19	81	46
265	1	0.327	51	65	46	51	65	46
264	1	0.363	20	58	46	20	58	46
263	1	0.338	44	56	46	44	56	46
262	1	0.338	66	43	46	66	43	46
261	1	0.324	16	41	46	16	41	46
260	1	0.324	25	25	46	25	25	46
259	1	0.32	34	95	45	34	95	45
258	1	0.32	24	71	45	24	71	45
257	1	0.335	26	65	45	26	65	45
256	1	0.32	54	64	45	54	64	45
255	1	0.327	43	58	45	43	58	45
254	1	0.32	35	51	45	35	51	45
253	1	0.324	66	30	45	66	30	45
252	1	0.32	54	27	45	54	27	45
251	1	0.327	55	93	44	55	93	44
250	1	0.32	68	87	44	68	87	44
249	1	0.32	45	86	44	45	86	44
248	1	0.32	36	75	44	36	75	44
247	1	0.324	27	67	44	27	67	44
246	1	0.32	52	66	44	52	66	44
245	1	0.327	56	65	44	56	65	44
244	1	0.327	26	54	44	26	54	44
243	1	0.324	45	52	44	45	52	44
242	1	0.331	56	31	44	56	31	44
241	1	0.327	37	91	43	37	91	43
240	1	0.324	39	73	43	39	73	43
239	1	0.335	59	65	43	59	65	43
238	1	0.324	34	62	43	34	62	43
237	1	0.327	40	58	43	40	58	43
236	1	0.342	54	52	43	54	52	43
235	1	0.32	47	48	43	47	48	43
234	1	0.345	31	38	43	31	38	43
233	1	0.32	16	30	43	16	30	43
232	1	0.32	74	29	43	74	29	43
231	1	0.32	29	23	43	29	23	43
230	1	0.32	59	14	43	59	14	43
229	1	0.338	53	87	42	53	87	42
228	1	0.32	48	87	42	48	87	42
227	1	0.32	30	83	42	30	83	42
226	1	0.32	74	74	42	74	74	42
225	1	0.32	28	67	42	28	67	42
224	1	0.32	41	64	42	41	64	42
223	1	0.327	24	61	42	24	61	42
222	1	0.342	63	53	42	63	53	42
221	1	0.331	66	41	42	66	41	42
220	1	0.331	30	35	42	30	35	42
219	1	0.327	51	18	42	51	18	42
218	1	0.324	37	88	41	37	88	41
217	1	0.324	60	71	41	60	71	41
216	1	0.32	28	69	41	28	69	41
215	1	0.32	13	61	41	13	61	41
214	1	0.324	38	38	41	38	38	41
213	1	0.324	42	14	41	42	14	41
212	1	0.32	61	67	40	61	67	40
211	1	0.324	54	29	40	54	29	40
210	1	0.327	16	29	40	16	29	40
209	1	0.324	49	82	39	49	82	39
208	1	0.324	62	76	39	62	76	39
207	1	0.32	49	74	39	49	74	39
206	1	0.335	77	65	39	77	65	39
205	1	0.327	50	64	39	50	64	39
204	1	0.327	27	59	39	27	59	39
203	1	0.338	40	18	39	40	18	39
202	1	0.327	62	92	38	62	92	38
201	1	0.331	63	80	38	63	80	38
200	1	0.327	60	79	38	60	79	38
199	1	0.345	44	72	38	44	72	38
198	1	0.324	26	33	38	26	33	38
197	1	0.327	15	30	38	15	30	38
196	1	0.32	63	20	38	63	20	38
195	1	0.331	45	94	37	45	94	37
194	1	0.324	61	77	37	61	77	37
193	1	0.32	55	70	37	55	70	37
192	1	0.345	60	62	37	60	62	37
191	1	0.324	66	57	37	66	57	37
190	1	0.324	27	75	36	27	75	36
189	1	0.32	16	53	36	16	53	36
188	1	0.327	38	11	36	38	11	36
187	1	0.331	41	87	35	41	87	35
186	1	0.324	39	74	35	39	74	35
185	1	0.32	21	56	35	21	56	35
184	1	0.324	72	38	35	72	38	35
183	1	0.32	43	36	35	43	36	35
182	1	0.32	21	36	35	21	36	35
181	1	0.32	40	82	34	40	82	34
180	1	0.327	69	80	34	69	80	34
179	1	0.335	26	56	34	26	56	34
178	1	0.327	58	49	34	58	49	34
177	1	0.32	18	49	34	18	49	34
176	1	0.324	69	36	34	69	36	34
175	1	0.32	42	27	34	42	27	34
174	1	0.327	65	73	33	65	73	33
173	1	0.324	13	66	33	13	66	33
172	1	0.32	61	59	33	61	59	33
171	1	0.324	67	50	33	67	50	33
170	1	0.327	29	49	33	29	49	33
169	1	0.32	26	48	33	26	48	33
168	1	0.327	17	35	33	17	35	33
167	1	0.32	57	94	32	57	94	32
166	1	0.324	46	87	32	46	87	32
165	1	0.32	22	59	32	22	59	32
164	1	0.32	74	49	32	74	49	32
163	1	0.338	35	43	32	35	43	32
162	1	0.32	33	41	32	33	41	32
161	1	0.324	68	35	32	68	35	32
160	1	0.324	75	31	32	75	31	32
159	1	0.335	47	31	32	47	31	32
158	1	0.32	49	29	32	49	29	32
157	1	0.32	63	18	32	63	18	32
156	1	0.331	57	96	31	57	96	31
155	1	0.32	61	87	31	61	87	31
154	1	0.324	22	72	31	22	72	31
153	1	0.331	62	60	31	62	60	31
152	1	0.324	36	60	31	36	60	31
151	1	0.324	25	56	31	25	56	31
150	1	0.32	68	53	31	68	53	31
149	1	0.32	64	52	31	64	52	31
148	1	0.324	34	46	31	34	46	31
147	1	0.324	17	41	31	17	41	31
146	1	0.324	52	36	31	52	36	31
145	1	0.331	18	35	31	18	35	31
144	1	0.324	43	28	31	43	28	31
143	1	0.327	44	16	31	44	16	31
142	1	0.32	56	94	30	56	94	30
141	1	0.32	30	91	30	30	91	30
140	1	0.32	27	83	30	27	83	30
139	1	0.327	22	59	30	22	59	30
138	1	0.32	37	48	30	37	48	30
137	1	0.331	68	44	30	68	44	30
136	1	0.32	40	32	30	40	32	30
135	1	0.32	63	29	30	63	29	30
134	1	0.327	31	94	29	31	94	29
133	1	0.32	36	60	29	36	60	29
132	1	0.324	44	58	29	44	58	29
131	1	0.324	39	53	29	39	53	29
130	1	0.324	39	48	29	39	48	29
129	1	0.324	15	33	29	15	33	29
128	1	0.32	69	31	29	69	31	29
127	1	0.32	56	95	28	56	95	28
126	1	0.327	59	75	28	59	75	28
125	1	0.32	35	75	28	35	75	28
124	1	0.327	47	71	28	47	71	28
123	1	0.338	44	65	28	44	65	28
122	1	0.32	32	63	28	32	63	28
121	1	0.32	49	54	28	49	54	28
120	1	0.335	30	53	28	30	53	28
119	1	0.32	13	53	28	13	53	28
118	1	0.331	37	48	28	37	48	28
117	1	0.331	48	36	28	48	36	28
116	1	0.32	24	34	28	24	34	28
115	1	0.335	42	29	28	42	29	28
114	1	0.327	64	25	28	64	25	28
113	1	0.32	72	71	27	72	71	27
112	1	0.32	31	38	27	31	38	27
111	1	0.324	39	33	27	39	33	27
110	1	0.324	23	21	27	23	21	27
109	1	0.32	44	95	26	44	95	26
108	1	0.32	58	72	26	58	72	26
107	1	0.345	44	67	26	44	67	26
106	1	0.32	75	46	26	75	46	26
105	1	0.32	49	44	26	49	44	26
104	1	0.324	70	30	26	70	30	26
103	1	0.32	46	87	25	46	87	25
102	1	0.324	10	59	25	10	59	25
101	1	0.331	79	58	25	79	58	25
100	1	0.327	52	58	25	52	58	25
99	1	0.324	21	52	25	21	52	25
98	1	0.32	62	42	25	62	42	25
97	1	0.324	37	34	25	37	34	25
96	1	0.32	68	30	25	68	30	25
95	1	0.32	49	25	25	49	25	25
94	1	0.324	23	21	25	23	21	25
93	1	0.324	48	17	25	48	17	25
92	1	0.327	56	79	24	56	79	24
91	1	0.324	68	72	24	68	72	24
90	1	0.331	27	64	24	27	64	24
89	1	0.327	17	63	24	17	63	24
88	1	0.338	28	61	24	28	61	24
87	1	0.324	49	59	24	49	59	24
86	1	0.327	18	55	24	18	55	24
85	1	0.32	50	39	24	50	39	24
84	1	0.331	66	31	24	66	31	24
83	1	0.32	46	26	24	46	26	24
82	1	0.32	42	92	23	42	92	23
81	1	0.32	50	80	23	50	80	23
80	1	0.324	53	70	23	53	70	23
79	1	0.32	38	61	23	38	61	23
78	1	0.327	71	60	23	71	60	23
77	1	0.327	17	60	23	17	60	23
76	1	0.327	51	58	23	51	58	23
75	1	0.32	30	58	23	30	58	23
74	1	0.327	48	57	23	48	57	23
73	1	0.324	41	57	23	41	57	23
72	1	0.327	22	46	23	22	46	23
71	1	0.327	64	45	23	64	45	23
70	1	0.324	27	28	23	27	28	23
69	1	0.32	38	19	23	38	19	23
68	1	0.324	72	67	22	72	67	22
67	1	0.32	51	67	22	51	67	22
66	1	0.327	49	67	22	49	67	22
65	1	0.32	40	63	22	40	63	22
64	1	0.324	22	62	22	22	62	22
63	1	0.324	17	62	22	17	62	22
62	1	0.327	42	61	22	42	61	22
61	1	0.32	27	60	22	27	60	22
60	1	0.327	20	46	22	20	46	22
59	1	0.327	49	39	22	49	39	22
58	1	0.32	25	32	22	25	32	22
57	1	0.324	36	66	21	36	66	21
56	1	0.324	30	62	21	30	62	21
55	1	0.32	19	57	21	19	57	21
54	1	0.32	55	52	21	55	52	21
53	1	0.338	20	48	21	20	48	21
52	1	0.335	75	38	21	75	38	21
51	1	0.324	41	38	21	41	38	21
50	1	0.324	48	36	21	48	36	21
49	1	0.324	27	68	20	27	68	20
48	1	0.32	30	59	20	30	59	20
47	1	0.331	40	22	20	40	22	20
46	1	0.327	18	71	19	18	71	19
45	1	0.327	30	69	19	30	69	19
44	1	0.32	74	68	19	74	68	19
43	1	0.324	59	44	19	59	44	19
42	1	0.327	50	42	19	50	42	19
41	1	0.32	29	40	19	29	40	19
40	1	0.324	69	73	18	69	73	18
39	1	0.335	28	65	18	28	65	18
38	1	0.324	56	64	18	56	64	18
37	1	0.324	40	63	18	40	63	18
36	1	0.338	51	53	18	51	53	18
35	1	0.324	56	45	18	56	45	18
34	1	0.324	26	33	18	26	33	18
33	1	0.327	29	32	18	29	32	18
32	1	0.32	60	20	18	60	20	18
31	1	0.335	58	46	17	58	46	17
30	1	0.327	47	42	17	47	42	17
29	1	0.32	35	61	16	35	61	16
28	1	0.32	19	60	16	19	60	16
27	1	0.324	23	25	16	23	25	16
26	1	0.324	41	22	16	41	22	16
25	1	0.338	69	40	15	69	40	15
24	1	0.324	66	39	15	66	39	15
23	1	0.32	37	39	15	37	39	15
22	1	0.324	19	36	15	19	36	15
21	1	0.327	17	36	15	17	36	15
20	1	0.327	71	32	15	71	32	15
19	1	0.324	36	32	15	36	32	15
18	1	0.32	36	30	15	36	30	15
17	1	0.327	18	56	14	18	56	14
16	1	0.32	58	29	14	58	29	14
15	1	0.327	19	59	13	19	59	13
14	1	0.331	49	23	13	49	23	13
13	1	0.331	48	45	12	48	45	12
12	1	0.324	48	35	12	48	35	12
11	1	0.331	43	34	12	43	34	12
10	1	0.327	46	26	12	46	26	12
9	1	0.32	31	25	12	31	25	12
8	1	0.335	52	24	11	52	24	11
7	1	0.324	48	43	10	48	43	10
6	1	0.324	38	37	10	38	37	10
5	1	0.32	42	45	9	42	45	9
4	1	0.324	50	32	7	50	32	7
3	1	0.32	35	40	6	35	40	6
2	1	0.327	30	26	6	30	26	6
1	1	0.324	38	33	4	38	33	4
